A/c	Name	F.Name	CNIC	Phone	Email	Amount
475591755	Shanti	Nandu	897456321	8777059815	N/A	1e+006
A/c	Name	F.Name	CNIC	Phone	Email	Amount
712542208	Ramesh	Ram	874512963	8529631147	ramesh8754@gmail.com	0
2147483647      5.8963e-039
2147483647      5.8963e-039
2147483647      5.8963e-039
2147483647      5.8963e-039
2147483647      5.8963e-039
2147483647      5.8963e-039
2147483647      5.8963e-039
2147483647      5.8963e-039
2147483647      5.8963e-039
2147483647      5.8963e-039
2147483647      5.8963e-039
2147483647      5.8963e-039
2147483647      5.8963e-039
2147483647      5.8963e-039
2147483647      5.8963e-039
2147483647      5.8963e-039
2147483647      5.8963e-039
2147483647      5.8963e-039
2147483647      5.8963e-039
2147483647      5.8963e-039
2147483647      5.8963e-039
2147483647      5.8963e-039
2147483647      5.8963e-039
2147483647      5.8963e-039
2147483647      5.8963e-039
2147483647      5.8963e-039
2147483647      5.8963e-039
2147483647      5.8963e-039
2147483647      5.8963e-039
2147483647      5.8963e-039
2147483647      5.8963e-039
2147483647      5.8963e-039
2147483647      5.8963e-039
2147483647      5.8963e-039
2147483647      5.8963e-039
2147483647      5.8963e-039
2147483647      5.8963e-039
2147483647      5.8963e-039
2147483647      5.8963e-039
2147483647      5.8963e-039
2147483647      5.8963e-039
2147483647      5.8963e-039
2147483647      5.8963e-039
2147483647      5.8963e-039
2147483647      5.8963e-039
2147483647      5.8963e-039
2147483647      5.8963e-039
2147483647      5.8963e-039
2147483647      5.8963e-039
2147483647      5.8963e-039
2147483647      5.8963e-039
2147483647      5.8963e-039
2147483647      5.8963e-039
2147483647      5.8963e-039
2147483647      5.8963e-039
2147483647      5.8963e-039
2147483647      5.8963e-039
2147483647      5.8963e-039
2147483647      5.8963e-039
2147483647      5.8963e-039
2147483647      5.8963e-039
2147483647      5.8963e-039
2147483647      5.8963e-039
2147483647      5.8963e-039
2147483647      5.8963e-039
2147483647      5.8963e-039
2147483647      5.8963e-039
2147483647      5.8963e-039
2147483647      5.8963e-039
2147483647      5.8963e-039
2147483647      5.8963e-039
2147483647      5.8963e-039
2147483647      5.8963e-039
2147483647      5.8963e-039
2147483647      5.8963e-039
2147483647      5.8963e-039
2147483647      5.8963e-039
2147483647      5.8963e-039
2147483647      5.8963e-039
2147483647      5.8963e-039
2147483647      5.8963e-039
2147483647      5.8963e-039
2147483647      5.8963e-039
2147483647      5.8963e-039
2147483647      5.8963e-039
2147483647      5.8963e-039
2147483647      5.8963e-039
2147483647      5.8963e-039
2147483647      5.8963e-039
2147483647      5.8963e-039
2147483647      5.8963e-039
2147483647      5.8963e-039
2147483647      5.8963e-039
2147483647      5.8963e-039
2147483647      5.8963e-039
2147483647      5.8963e-039
2147483647      5.8963e-039
2147483647      5.8963e-039
2147483647      5.8963e-039
2147483647      5.8963e-039
2147483647      5.8963e-039
2147483647      5.8963e-039
2147483647      5.8963e-039
2147483647      5.8963e-039
2147483647      5.8963e-039
2147483647      5.8963e-039
2147483647      5.8963e-039
2147483647      5.8963e-039
2147483647      5.8963e-039
2147483647      5.8963e-039
2147483647      5.8963e-039
2147483647      5.8963e-039
2147483647      5.8963e-039
2147483647      5.8963e-039
2147483647      5.8963e-039
2147483647      5.8963e-039
2147483647      5.8963e-039
2147483647      5.8963e-039
2147483647      5.8963e-039
2147483647      5.8963e-039
2147483647      5.8963e-039
2147483647      5.8963e-039
2147483647      5.8963e-039
2147483647      5.8963e-039
2147483647      5.8963e-039
2147483647      5.8963e-039
2147483647      5.8963e-039
2147483647      5.8963e-039
2147483647      5.8963e-039
2147483647      5.8963e-039
2147483647      5.8963e-039
2147483647      5.8963e-039
2147483647      5.8963e-039
2147483647      5.8963e-039
2147483647      5.8963e-039
2147483647      5.8963e-039
2147483647      5.8963e-039
2147483647      5.8963e-039
2147483647      5.8963e-039
2147483647      5.8963e-039
2147483647      5.8963e-039
2147483647      5.8963e-039
2147483647      5.8963e-039
2147483647      5.8963e-039
2147483647      5.8963e-039
2147483647      5.8963e-039
2147483647      5.8963e-039
2147483647      5.8963e-039
2147483647      5.8963e-039
2147483647      5.8963e-039
2147483647      5.8963e-039
2147483647      5.8963e-039
2147483647      5.8963e-039
2147483647      5.8963e-039
2147483647      5.8963e-039
2147483647      5.8963e-039
2147483647      5.8963e-039
2147483647      5.8963e-039
2147483647      5.8963e-039
2147483647      5.8963e-039
2147483647      5.8963e-039
2147483647      5.8963e-039
2147483647      5.8963e-039
2147483647      5.8963e-039
2147483647      5.8963e-039
2147483647      5.8963e-039
2147483647      5.8963e-039
2147483647      5.8963e-039
2147483647      5.8963e-039
2147483647      5.8963e-039
2147483647      5.8963e-039
2147483647      5.8963e-039
2147483647      5.8963e-039
2147483647      5.8963e-039
2147483647      5.8963e-039
2147483647      5.8963e-039
2147483647      5.8963e-039
2147483647      5.8963e-039
2147483647      5.8963e-039
2147483647      5.8963e-039
2147483647      5.8963e-039
2147483647      5.8963e-039
2147483647      5.8963e-039
2147483647      5.8963e-039
2147483647      5.8963e-039
2147483647      5.8963e-039
2147483647      5.8963e-039
2147483647      5.8963e-039
2147483647      5.8963e-039
2147483647      5.8963e-039
2147483647      5.8963e-039
2147483647      5.8963e-039
2147483647      5.8963e-039
2147483647      5.8963e-039
2147483647      5.8963e-039
2147483647      5.8963e-039
2147483647      5.8963e-039
2147483647      5.8963e-039
2147483647      5.8963e-039
2147483647      5.8963e-039
2147483647      5.8963e-039
2147483647      5.8963e-039
